0.710
0.050
0.129
0.147
0.223
0.712
0.907
0.427
0.397
0.658
0.872
0.513
0.742
0.732
0.809
0.388
0.275
0.353
0.803
0.289
0.946
0.158
0.093
0.107
0.991
0.526
0.122
0.907
0.553
0.005
0.412
0.867
0.381
0.717
0.834
0.641
0.646
0.623
0.024
0.251
0.682
0.745
0.451
0.903
0.012
0.072
0.094
0.054
0.601
0.087
0.172
0.222
0.914
0.991
0.629
0.395
0.400
0.003
0.253
0.449
0.087
0.256
0.267
0.173
0.674
0.083
0.658
0.895
0.925
0.269
0.100
0.936
0.839
0.866
0.542
0.212
0.718
0.112
0.768
0.087
0.013
0.216
0.784
0.975
0.206
0.112
0.485
0.519
0.130
0.352
0.097
0.861
0.864
0.025
0.373
0.236
0.596
0.735
0.997
0.408
